Queries: 
    - vertex: 67798, 299797, 136845.49870801033
    - face: 135592, 599622, 273698.78552971577
Targets: 
    - vertex:44650, 276366, 127814.56589147287 
    - face: 89296, 552780, 255634.5322997416